 -250 0
 -249 0
 -248 0
 -247 0
 -246 0
 -245 0
 -244 0
 -243 0
 -242 0
 -241 0
 -240 0
 -239 0
 -238 0
 -237 0
 -236 0
 -235 0
 -234 0
 -233 0
 -232 0
 -231 0
 -230 0
 -229 0
 -228 0
 -227 0
 -226 0
 -225 0
 -224 0
 -223 0
 -222 0
 -221 0
 -220 0
 -219 0
 -218 0
 -217 1
 -216 0
 -215 0
 -214 0
 -213 0
 -212 0
 -211 0
 -210 0
 -209 1
 -208 0
 -207 0
 -206 0
 -205 0
 -204 0
 -203 0
 -202 1
 -201 3
 -200 2
 -199 2
 -198 0
 -197 0
 -196 3
 -195 1
 -194 0
 -193 2
 -192 1
 -191 0
 -190 2
 -189 5
 -188 5
 -187 5
 -186 5
 -185 2
 -184 3
 -183 2
 -182 4
 -181 4
 -180 5
 -179 10
 -178 6
 -177 11
 -176 9
 -175 9
 -174 14
 -173 9
 -172 17
 -171 16
 -170 19
 -169 20
 -168 23
 -167 20
 -166 22
 -165 37
 -164 50
 -163 40
 -162 36
 -161 40
 -160 51
 -159 73
 -158 65
 -157 61
 -156 67
 -155 81
 -154 101
 -153 96
 -152 129
 -151 138
 -150 134
 -149 152
 -148 180
 -147 182
 -146 228
 -145 246
 -144 256
 -143 290
 -142 329
 -141 345
 -140 394
 -139 440
 -138 480
 -137 516
 -136 582
 -135 582
 -134 704
 -133 735
 -132 804
 -131 848
 -130 960
 -129 1074
 -128 1172
 -127 1283
 -126 1339
 -125 1464
 -124 1614
 -123 1654
 -122 1903
 -121 1979
 -120 2154
 -119 2280
 -118 2501
 -117 2705
 -116 3027
 -115 3301
 -114 3506
 -113 3683
 -112 4059
 -111 4333
 -110 4564
 -109 4987
 -108 5417
 -107 5716
 -106 6133
 -105 6578
 -104 7050
 -103 7729
 -102 8286
 -101 8656
 -100 9386
  -99 9985
  -98 10690
  -97 11242
  -96 12142
  -95 13013
  -94 13673
  -93 14725
  -92 15512
  -91 16457
  -90 17494
  -89 18692
  -88 20083
  -87 20883
  -86 22493
  -85 23556
  -84 24962
  -83 26501
  -82 28105
  -81 29561
  -80 31101
  -79 32818
  -78 34368
  -77 36500
  -76 38261
  -75 39998
  -74 42486
  -73 44552
  -72 46861
  -71 49095
  -70 51261
  -69 53703
  -68 56502
  -67 58805
  -66 61702
  -65 64482
  -64 67000
  -63 70309
  -62 72880
  -61 76056
  -60 79274
  -59 82651
  -58 85774
  -57 89092
  -56 92495
  -55 96337
  -54 99759
  -53 103125
  -52 107213
  -51 110219
  -50 114443
  -49 118285
  -48 122247
  -47 126228
  -46 130410
  -45 134157
  -44 138624
  -43 141949
  -42 146311
  -41 150654
  -40 155217
  -39 157863
  -38 163944
  -37 166472
  -36 171124
  -35 175819
  -34 179042
  -33 183827
  -32 186960
  -31 191437
  -30 195849
  -29 199918
  -28 203315
  -27 206557
  -26 210931
  -25 214647
  -24 216998
  -23 221165
  -22 224589
  -21 228733
  -20 231509
  -19 233805
  -18 236582
  -17 240279
  -16 242828
  -15 244394
  -14 247785
  -13 249471
  -12 250975
  -11 254233
  -10 255353
   -9 258104
   -8 258737
   -7 259440
   -6 260354
   -5 262191
   -4 262162
   -3 263138
   -2 263855
   -1 264379
    0 263467
    1 263822
    2 263904
    3 263409
    4 262144
    5 261954
    6 260897
    7 259988
    8 258271
    9 256518
   10 255219
   11 253490
   12 252347
   13 249726
   14 247646
   15 244444
   16 242012
   17 240087
   18 236283
   19 233965
   20 230252
   21 227742
   22 224668
   23 221054
   24 217762
   25 215054
   26 211640
   27 206875
   28 203090
   29 200346
   30 194534
   31 190714
   32 187341
   33 182843
   34 179418
   35 174724
   36 171069
   37 166810
   38 163521
   39 159322
   40 154497
   41 150672
   42 145858
   43 142240
   44 138137
   45 134327
   46 129846
   47 126162
   48 122047
   49 117943
   50 114812
   51 110552
   52 106669
   53 103807
   54 99514
   55 96471
   56 92654
   57 88955
   58 85419
   59 82703
   60 78976
   61 75964
   62 72890
   63 69636
   64 66848
   65 64096
   66 61536
   67 58443
   68 56397
   69 53915
   70 51128
   71 48932
   72 46905
   73 44602
   74 42389
   75 40236
   76 38370
   77 36293
   78 34328
   79 32441
   80 30957
   81 29555
   82 27966
   83 26408
   84 24941
   85 23662
   86 22296
   87 21154
   88 19971
   89 18586
   90 17559
   91 16624
   92 15670
   93 14719
   94 13793
   95 12928
   96 12269
   97 11374
   98 10669
   99 10227
  100 9460
  101 8768
  102 8437
  103 7639
  104 7348
  105 6772
  106 6310
  107 5750
  108 5383
  109 4940
  110 4722
  111 4335
  112 3935
  113 3723
  114 3501
  115 3267
  116 2892
  117 2750
  118 2562
  119 2291
  120 2094
  121 1981
  122 1879
  123 1724
  124 1527
  125 1396
  126 1366
  127 1221
  128 1102
  129 1039
  130 955
  131 822
  132 796
  133 732
  134 666
  135 651
  136 542
  137 525
  138 437
  139 410
  140 409
  141 352
  142 291
  143 298
  144 236
  145 241
  146 237
  147 228
  148 196
  149 160
  150 154
  151 138
  152 108
  153 99
  154 79
  155 84
  156 81
  157 55
  158 63
  159 68
  160 48
  161 41
  162 49
  163 40
  164 27
  165 33
  166 22
  167 22
  168 18
  169 19
  170 19
  171 22
  172 9
  173 10
  174 13
  175 8
  176 11
  177 2
  178 5
  179 7
  180 7
  181 4
  182 5
  183 4
  184 5
  185 2
  186 3
  187 1
  188 0
  189 1
  190 2
  191 3
  192 1
  193 3
  194 1
  195 2
  196 1
  197 2
  198 1
  199 0
  200 0
  201 0
  202 0
  203 0
  204 0
  205 0
  206 0
  207 1
  208 0
  209 1
  210 0
  211 2
  212 0
  213 0
  214 0
  215 0
  216 0
  217 0
  218 0
  219 0
  220 0
  221 0
  222 0
  223 0
  224 0
  225 0
  226 0
  227 0
  228 0
  229 0
  230 0
  231 0
  232 0
  233 0
  234 0
  235 0
  236 0
  237 0
  238 0
  239 0
  240 0
  241 0
  242 0
  243 0
  244 0
  245 0
  246 0
  247 0
  248 0
  249 0
  250 0