 -300 0
 -299 0
 -298 0
 -297 0
 -296 0
 -295 0
 -294 0
 -293 0
 -292 0
 -291 0
 -290 0
 -289 0
 -288 0
 -287 0
 -286 0
 -285 0
 -284 0
 -283 0
 -282 0
 -281 0
 -280 0
 -279 0
 -278 0
 -277 0
 -276 0
 -275 0
 -274 0
 -273 0
 -272 0
 -271 0
 -270 0
 -269 0
 -268 0
 -267 0
 -266 0
 -265 0
 -264 0
 -263 0
 -262 0
 -261 0
 -260 0
 -259 0
 -258 0
 -257 0
 -256 1
 -255 0
 -254 0
 -253 1
 -252 0
 -251 0
 -250 0
 -249 1
 -248 0
 -247 1
 -246 1
 -245 1
 -244 1
 -243 1
 -242 1
 -241 2
 -240 2
 -239 0
 -238 1
 -237 1
 -236 0
 -235 0
 -234 0
 -233 1
 -232 1
 -231 1
 -230 2
 -229 3
 -228 2
 -227 1
 -226 3
 -225 3
 -224 1
 -223 2
 -222 1
 -221 3
 -220 2
 -219 6
 -218 5
 -217 5
 -216 10
 -215 5
 -214 6
 -213 11
 -212 12
 -211 17
 -210 6
 -209 14
 -208 16
 -207 12
 -206 10
 -205 22
 -204 28
 -203 24
 -202 30
 -201 19
 -200 23
 -199 40
 -198 36
 -197 41
 -196 54
 -195 43
 -194 44
 -193 63
 -192 71
 -191 66
 -190 66
 -189 81
 -188 79
 -187 95
 -186 84
 -185 122
 -184 121
 -183 122
 -182 131
 -181 149
 -180 163
 -179 142
 -178 189
 -177 192
 -176 241
 -175 252
 -174 246
 -173 285
 -172 301
 -171 341
 -170 358
 -169 367
 -168 423
 -167 443
 -166 476
 -165 514
 -164 555
 -163 536
 -162 644
 -161 718
 -160 734
 -159 746
 -158 895
 -157 889
 -156 952
 -155 1008
 -154 1086
 -153 1186
 -152 1286
 -151 1377
 -150 1412
 -149 1556
 -148 1648
 -147 1809
 -146 1853
 -145 2001
 -144 2118
 -143 2276
 -142 2395
 -141 2558
 -140 2783
 -139 2927
 -138 3140
 -137 3296
 -136 3529
 -135 3790
 -134 3971
 -133 4333
 -132 4482
 -131 4723
 -130 5206
 -129 5291
 -128 5591
 -127 5969
 -126 6238
 -125 6616
 -124 7038
 -123 7493
 -122 7859
 -121 8048
 -120 8716
 -119 9152
 -118 9788
 -117 10221
 -116 10542
 -115 11440
 -114 11878
 -113 12534
 -112 12886
 -111 13907
 -110 14828
 -109 15279
 -108 15873
 -107 16808
 -106 17754
 -105 18354
 -104 19335
 -103 20468
 -102 21272
 -101 22421
 -100 23454
  -99 24312
  -98 25442
  -97 26456
  -96 27625
  -95 28924
  -94 29993
  -93 31247
  -92 32708
  -91 33771
  -90 35373
  -89 36762
  -88 38553
  -87 40363
  -86 41157
  -85 43064
  -84 44810
  -83 46480
  -82 48086
  -81 49828
  -80 51924
  -79 53515
  -78 55707
  -77 57549
  -76 59409
  -75 61530
  -74 63705
  -73 65910
  -72 67561
  -71 69835
  -70 71893
  -69 74627
  -68 77031
  -67 79491
  -66 81652
  -65 84468
  -64 87166
  -63 89608
  -62 91579
  -61 93707
  -60 96201
  -59 100007
  -58 101294
  -57 105027
  -56 107307
  -55 109600
  -54 111985
  -53 115325
  -52 118255
  -51 120860
  -50 122959
  -49 126599
  -48 128884
  -47 131784
  -46 134275
  -45 137340
  -44 140268
  -43 142885
  -42 145655
  -41 149078
  -40 151114
  -39 153848
  -38 156345
  -37 158442
  -36 161748
  -35 163265
  -34 166104
  -33 169694
  -32 170944
  -31 174333
  -30 176871
  -29 178999
  -28 180685
  -27 183251
  -26 185259
  -25 187396
  -24 189323
  -23 191931
  -22 193891
  -21 195834
  -20 197170
  -19 199044
  -18 200854
  -17 202213
  -16 203169
  -15 205690
  -14 206306
  -13 207723
  -12 208709
  -11 209413
  -10 210812
   -9 211725
   -8 212801
   -7 213021
   -6 214175
   -5 214574
   -4 214890
   -3 214972
   -2 215411
   -1 215422
    0 215070
    1 215412
    2 214228
    3 214916
    4 213637
    5 213514
    6 214229
    7 212652
    8 212189
    9 211960
   10 210783
   11 209836
   12 208658
   13 207939
   14 206709
   15 206179
   16 203932
   17 202105
   18 200463
   19 198950
   20 197757
   21 195262
   22 193007
   23 191600
   24 189498
   25 187663
   26 184896
   27 182857
   28 180440
   29 178924
   30 176301
   31 173951
   32 171961
   33 168890
   34 166771
   35 163083
   36 161397
   37 158714
   38 155943
   39 153760
   40 151247
   41 148480
   42 145269
   43 142729
   44 139997
   45 137703
   46 135205
   47 131921
   48 128757
   49 126242
   50 123410
   51 120161
   52 118474
   53 115325
   54 112436
   55 110379
   56 107039
   57 104834
   58 102251
   59 98936
   60 96730
   61 94460
   62 91807
   63 89066
   64 86891
   65 83841
   66 81912
   67 79160
   68 76976
   69 74170
   70 72555
   71 70047
   72 68063
   73 65626
   74 64076
   75 61633
   76 59774
   77 57656
   78 55462
   79 53706
   80 51798
   81 49613
   82 48155
   83 46805
   84 44534
   85 43222
   86 41460
   87 39868
   88 38492
   89 37148
   90 35430
   91 34127
   92 32687
   93 31498
   94 30079
   95 28657
   96 27807
   97 26566
   98 25560
   99 24293
  100 23172
  101 22255
  102 21326
  103 19992
  104 19523
  105 18611
  106 17701
  107 16736
  108 15950
  109 15314
  110 14633
  111 13895
  112 13296
  113 12592
  114 11907
  115 11320
  116 10839
  117 10379
  118 9652
  119 9276
  120 8709
  121 8397
  122 7809
  123 7445
  124 7058
  125 6688
  126 6175
  127 5866
  128 5680
  129 5244
  130 4955
  131 4776
  132 4309
  133 4188
  134 4001
  135 3685
  136 3531
  137 3330
  138 3216
  139 2931
  140 2716
  141 2501
  142 2455
  143 2247
  144 2007
  145 2067
  146 1857
  147 1737
  148 1609
  149 1537
  150 1447
  151 1349
  152 1284
  153 1143
  154 1102
  155 1096
  156 928
  157 904
  158 830
  159 764
  160 740
  161 668
  162 638
  163 585
  164 543
  165 527
  166 504
  167 394
  168 397
  169 356
  170 325
  171 360
  172 250
  173 284
  174 284
  175 226
  176 195
  177 200
  178 208
  179 176
  180 149
  181 137
  182 116
  183 132
  184 111
  185 108
  186 102
  187 97
  188 81
  189 83
  190 73
  191 68
  192 68
  193 41
  194 55
  195 45
  196 47
  197 40
  198 46
  199 25
  200 34
  201 19
  202 38
  203 31
  204 17
  205 15
  206 14
  207 16
  208 21
  209 12
  210 9
  211 7
  212 7
  213 6
  214 6
  215 8
  216 6
  217 1
  218 4
  219 2
  220 3
  221 1
  222 3
  223 4
  224 4
  225 3
  226 4
  227 2
  228 2
  229 2
  230 3
  231 4
  232 1
  233 2
  234 1
  235 1
  236 0
  237 0
  238 0
  239 1
  240 1
  241 1
  242 0
  243 0
  244 1
  245 0
  246 0
  247 0
  248 0
  249 0
  250 0
  251 0
  252 1
  253 0
  254 0
  255 0
  256 0
  257 0
  258 0
  259 1
  260 0
  261 0
  262 0
  263 0
  264 0
  265 0
  266 0
  267 0
  268 0
  269 0
  270 0
  271 0
  272 0
  273 0
  274 0
  275 0
  276 0
  277 0
  278 0
  279 0
  280 0
  281 0
  282 0
  283 0
  284 0
  285 0
  286 0
  287 0
  288 0
  289 0
  290 0
  291 0
  292 0
  293 0
  294 0
  295 0
  296 0
  297 0
  298 0
  299 0
  300 0