 -300 0
 -299 0
 -298 0
 -297 0
 -296 0
 -295 0
 -294 0
 -293 0
 -292 0
 -291 0
 -290 0
 -289 0
 -288 0
 -287 0
 -286 0
 -285 0
 -284 0
 -283 0
 -282 0
 -281 0
 -280 0
 -279 0
 -278 0
 -277 0
 -276 0
 -275 0
 -274 0
 -273 0
 -272 0
 -271 0
 -270 0
 -269 0
 -268 0
 -267 0
 -266 1
 -265 0
 -264 0
 -263 0
 -262 0
 -261 1
 -260 0
 -259 0
 -258 0
 -257 1
 -256 0
 -255 0
 -254 0
 -253 0
 -252 1
 -251 0
 -250 2
 -249 1
 -248 0
 -247 0
 -246 1
 -245 2
 -244 2
 -243 3
 -242 2
 -241 0
 -240 3
 -239 3
 -238 2
 -237 5
 -236 1
 -235 2
 -234 1
 -233 7
 -232 2
 -231 2
 -230 2
 -229 6
 -228 9
 -227 2
 -226 4
 -225 10
 -224 11
 -223 10
 -222 11
 -221 9
 -220 7
 -219 9
 -218 12
 -217 16
 -216 18
 -215 12
 -214 25
 -213 9
 -212 16
 -211 27
 -210 32
 -209 22
 -208 32
 -207 36
 -206 32
 -205 41
 -204 41
 -203 32
 -202 39
 -201 49
 -200 55
 -199 76
 -198 76
 -197 68
 -196 67
 -195 79
 -194 99
 -193 99
 -192 104
 -191 110
 -190 149
 -189 123
 -188 154
 -187 168
 -186 170
 -185 201
 -184 217
 -183 209
 -182 256
 -181 249
 -180 259
 -179 295
 -178 323
 -177 371
 -176 355
 -175 371
 -174 426
 -173 447
 -172 466
 -171 516
 -170 520
 -169 590
 -168 626
 -167 660
 -166 721
 -165 781
 -164 825
 -163 869
 -162 995
 -161 1066
 -160 1076
 -159 1186
 -158 1180
 -157 1389
 -156 1393
 -155 1569
 -154 1580
 -153 1680
 -152 1807
 -151 1885
 -150 2137
 -149 2120
 -148 2205
 -147 2482
 -146 2699
 -145 2851
 -144 2913
 -143 3165
 -142 3383
 -141 3510
 -140 3766
 -139 3818
 -138 4147
 -137 4388
 -136 4643
 -135 4889
 -134 5169
 -133 5533
 -132 5870
 -131 6204
 -130 6667
 -129 6662
 -128 7248
 -127 7465
 -126 8170
 -125 8486
 -124 8871
 -123 9337
 -122 9787
 -121 10437
 -120 10822
 -119 11555
 -118 11901
 -117 12463
 -116 13093
 -115 13710
 -114 14281
 -113 15022
 -112 15815
 -111 16673
 -110 17448
 -109 18061
 -108 19028
 -107 19741
 -106 20521
 -105 21484
 -104 22488
 -103 23572
 -102 24543
 -101 25560
 -100 26867
  -99 27959
  -98 28907
  -97 30167
  -96 31301
  -95 32260
  -94 34055
  -93 35405
  -92 36453
  -91 37908
  -90 39392
  -89 40702
  -88 42437
  -87 43987
  -86 45381
  -85 47243
  -84 48548
  -83 50476
  -82 51959
  -81 54071
  -80 55485
  -79 57776
  -78 59368
  -77 61210
  -76 63219
  -75 65493
  -74 66967
  -73 69190
  -72 70754
  -71 73755
  -70 75251
  -69 77896
  -68 79707
  -67 82143
  -66 84574
  -65 86638
  -64 89338
  -63 90956
  -62 94882
  -61 96595
  -60 99050
  -59 101567
  -58 103901
  -57 106051
  -56 108590
  -55 111069
  -54 114214
  -53 116272
  -52 118602
  -51 121578
  -50 123679
  -49 126465
  -48 128504
  -47 131335
  -46 133771
  -45 136415
  -44 138770
  -43 141301
  -42 144139
  -41 147215
  -40 149031
  -39 150981
  -38 153891
  -37 155594
  -36 157944
  -35 160998
  -34 162739
  -33 165634
  -32 168030
  -31 169107
  -30 171909
  -29 174713
  -28 175558
  -27 178671
  -26 179961
  -25 181507
  -24 184107
  -23 184797
  -22 186752
  -21 189017
  -20 190197
  -19 192083
  -18 193680
  -17 194989
  -16 196297
  -15 197502
  -14 199106
  -13 199044
  -12 200604
  -11 201708
  -10 202019
   -9 204151
   -8 204199
   -7 204301
   -6 206177
   -5 205740
   -4 206020
   -3 206541
   -2 207014
   -1 207077
    0 206335
    1 206928
    2 206684
    3 206715
    4 206397
    5 205477
    6 205223
    7 204640
    8 203730
    9 203356
   10 202712
   11 201927
   12 200908
   13 199705
   14 197750
   15 197336
   16 196334
   17 194379
   18 193195
   19 192278
   20 189706
   21 189763
   22 187102
   23 185762
   24 184010
   25 182397
   26 180100
   27 177998
   28 175300
   29 173642
   30 172678
   31 169489
   32 167660
   33 164702
   34 162812
   35 160436
   36 158571
   37 156724
   38 153831
   39 151715
   40 149005
   41 147020
   42 143599
   43 141502
   44 138791
   45 136224
   46 134409
   47 131664
   48 129141
   49 126114
   50 123727
   51 121665
   52 118321
   53 116929
   54 113599
   55 111939
   56 108482
   57 106042
   58 103571
   59 101866
   60 98379
   61 96538
   62 93760
   63 92034
   64 89669
   65 87005
   66 84458
   67 82424
   68 79865
   69 77719
   70 75778
   71 73823
   72 71214
   73 68864
   74 67609
   75 65062
   76 63157
   77 61612
   78 59324
   79 57579
   80 55801
   81 53675
   82 52231
   83 50341
   84 48386
   85 47010
   86 46003
   87 44052
   88 42201
   89 40701
   90 39476
   91 37847
   92 36510
   93 35436
   94 34008
   95 32777
   96 31463
   97 30110
   98 28920
   99 27667
  100 26904
  101 25850
  102 24624
  103 23250
  104 22472
  105 21346
  106 20806
  107 19750
  108 18796
  109 18217
  110 17211
  111 16836
  112 15939
  113 15138
  114 14330
  115 13959
  116 13174
  117 12500
  118 11938
  119 11570
  120 10745
  121 10300
  122 9869
  123 9320
  124 8799
  125 8339
  126 8079
  127 7553
  128 7300
  129 6756
  130 6582
  131 6162
  132 5755
  133 5580
  134 5177
  135 4962
  136 4696
  137 4427
  138 4213
  139 4006
  140 3863
  141 3478
  142 3326
  143 3155
  144 2995
  145 2776
  146 2659
  147 2408
  148 2351
  149 2225
  150 2001
  151 1963
  152 1891
  153 1752
  154 1619
  155 1594
  156 1439
  157 1330
  158 1244
  159 1188
  160 1107
  161 961
  162 998
  163 850
  164 836
  165 832
  166 745
  167 703
  168 706
  169 589
  170 555
  171 547
  172 455
  173 432
  174 426
  175 390
  176 344
  177 326
  178 314
  179 310
  180 295
  181 290
  182 245
  183 231
  184 204
  185 187
  186 190
  187 174
  188 146
  189 127
  190 132
  191 121
  192 114
  193 99
  194 79
  195 80
  196 75
  197 75
  198 59
  199 62
  200 48
  201 51
  202 53
  203 43
  204 45
  205 37
  206 28
  207 21
  208 29
  209 25
  210 26
  211 23
  212 15
  213 21
  214 21
  215 14
  216 18
  217 24
  218 12
  219 4
  220 8
  221 12
  222 7
  223 3
  224 6
  225 5
  226 6
  227 5
  228 3
  229 3
  230 5
  231 3
  232 3
  233 1
  234 3
  235 3
  236 2
  237 3
  238 4
  239 1
  240 0
  241 0
  242 2
  243 1
  244 3
  245 1
  246 1
  247 0
  248 0
  249 2
  250 0
  251 0
  252 1
  253 2
  254 0
  255 0
  256 0
  257 0
  258 0
  259 1
  260 1
  261 0
  262 0
  263 0
  264 0
  265 0
  266 0
  267 0
  268 0
  269 0
  270 0
  271 0
  272 0
  273 0
  274 0
  275 0
  276 0
  277 0
  278 0
  279 0
  280 0
  281 0
  282 0
  283 0
  284 0
  285 0
  286 0
  287 0
  288 0
  289 0
  290 0
  291 0
  292 0
  293 0
  294 0
  295 0
  296 0
  297 0
  298 0
  299 0
  300 0