-104 8
-103 16
-102 16
-101 16
-100 16
 -99 16
 -98 16
 -97 16
 -96 16
 -95 16
 -94 16
 -93 16
 -92 16
 -91 16
 -90 16
 -89 16
 -88 16
 -87 16
 -86 16
 -85 16
 -84 16
 -83 16
 -82 16
 -81 16
 -80 16
 -79 16
 -78 16
 -77 16
 -76 16
 -75 16
 -74 16
 -73 16
 -72 16
 -71 16
 -70 16
 -69 16
 -68 16
 -67 16
 -66 16
 -65 16
 -64 16
 -63 16
 -62 16
 -61 16
 -60 16
 -59 16
 -58 16
 -57 16
 -56 16
 -55 16
 -54 16
 -53 16
 -52 16
 -51 16
 -50 16
 -49 16
 -48 16
 -47 16
 -46 16
 -45 16
 -44 16
 -43 16
 -42 16
 -41 16
 -40 16
 -39 16
 -38 16
 -37 16
 -36 16
 -35 16
 -34 16
 -33 16
 -32 16
 -31 16
 -30 16
 -29 16
 -28 16
 -27 16
 -26 16
 -25 16
 -24 16
 -23 16
 -22 16
 -21 16
 -20 16
 -19 16
 -18 16
 -17 16
 -16 16
 -15 16
 -14 16
 -13 16
 -12 16
 -11 16
 -10 16
  -9 16
  -8 16
  -7 16
  -6 16
  -5 16
  -4 16
  -3 16
  -2 16
  -1 16
   0 16
   1 16
   2 16
   3 16
   4 16
   5 16
   6 16
   7 16
   8 16
   9 16
  10 16
  11 16
  12 16
  13 16
  14 16
  15 16
  16 16
  17 16
  18 16
  19 16
  20 16
  21 16
  22 16
  23 16
  24 16
  25 16
  26 16
  27 16
  28 16
  29 16
  30 16
  31 16
  32 16
  33 16
  34 16
  35 16
  36 16
  37 16
  38 16
  39 16
  40 16
  41 16
  42 16
  43 16
  44 16
  45 16
  46 16
  47 16
  48 16
  49 16
  50 16
  51 16
  52 16
  53 16
  54 16
  55 16
  56 16
  57 16
  58 16
  59 16
  60 16
  61 16
  62 16
  63 16
  64 16
  65 16
  66 16
  67 16
  68 16
  69 16
  70 16
  71 16
  72 16
  73 16
  74 16
  75 16
  76 16
  77 16
  78 16
  79 16
  80 16
  81 16
  82 16
  83 16
  84 16
  85 16
  86 16
  87 16
  88 16
  89 16
  90 16
  91 16
  92 16
  93 16
  94 16
  95 16
  96 16
  97 16
  98 16
  99 16
 100 16
 101 16
 102 16
 103 16
 104 9